
净利润
    412.1
    352
    270.8
    167.2
    155
    153.5
	
营业收入
    854.3(888.5)
    736.4(772)
    582.2(610.6)
    388.6(401.6)
    326.6(334.5)
    315.7（322.2）
	
总资产
    1830.4
    1598.5
    1346.1
    1129.3
    863
    658.7


净资产
    1360.1
    1128.4
    960.2
    728.9
    639.3
    534.3
	
存货
    252.8
    235.1
    220.6
    206.2
    180.1
    149.8
	
营业成本
    74.3
    65.2
    59.4
    34.1
    25.4
    23.4
	
固定资产
    151.4
    152.5
    152.4
    144.5
    114.2
    103.8
	
销售费用
    32.8
    25.7
    29.9
    16.8亿
    14.8亿
    16.7亿
	
管理费用
    61.7
    53.3
    47.2
    41.9亿
    38.1亿
    33.8亿
	
销售商品、提供劳务收到的现金
    949.8
    842.7
    644.2
    610.1
    370.8
    333.8